baseline:
GRDLYDD: [0.8348104953765869, 0.4398527145385742, 0.1952536553144455, 0.5601987838745117, 0.700094997882843]
all bigger:
DRDWYDD: [0.9531014561653137, 0.8084740042686462, 0.9504881501197815, 0.9475751519203186, 0.7178846001625061]
DRDOYDD: [0.994331955909729, 0.8181991577148438, 0.9246683716773987, 0.6810526251792908, 0.951036810874939]
MGDLYDD: [0.8360130786895752, 0.9735324382781982, 0.9050643444061279, 0.5768570303916931, 0.798714280128479]
GGOLYDD: [0.9959161877632141, 0.4496721923351288, 0.6894099712371826, 0.9762070775032043, 0.992423415184021]
MDDLYDD: [0.9103408455848694, 0.5258153676986694, 0.3024161458015442, 0.9443695545196533, 0.9491708874702454]
GYGLYDD: [0.9835792183876038, 0.9289215207099915, 0.8879017233848572, 0.9060688018798828, 0.9861916303634644]
DUDLYDD: [0.9677541255950928, 0.6697748899459839, 0.6072975397109985, 0.7476081252098083, 0.9875310063362122]
4 bigger:
GRZHYDD: [0.9628124237060547, 0.9815877676010132, 0.34931689500808716, 2.1190544430282898e-05, 0.9291113018989563]
ZRVLYDD: [0.9566737413406372, 0.7944685220718384, 0.9542161822319031, 0.0009769863681867719, 0.8604495525360107]
IZDLYDD: [0.9796949625015259, 0.9887065887451172, 0.37229493260383606, 0.28671684861183167, 0.7736331820487976]
GROVYDD: [0.9840922355651855, 0.9164437055587769, 0.5032294392585754, 0.047548260539770126, 0.991899847984314]
BRVLYDD: [0.9201058745384216, 0.8192464113235474, 0.9414587020874023, 0.0003443855093792081, 0.7701506018638611]
ERDZYDD: [0.9575839638710022, 0.9718296527862549, 0.870543360710144, 6.697561047985801e-07, 0.9610515832901001]
GROIYDD: [0.938025176525116, 0.7817302346229553, 0.9736136198043823, 0.1323944628238678, 0.956274151802063]
GRCVYDD: [0.9940422177314758, 0.997722327709198, 0.9497355818748474, 0.16699495911598206, 0.9537971615791321]
VZDLYDD: [0.9059647917747498, 0.8581057190895081, 0.4149230122566223, 0.4619796574115753, 0.9790884852409363]
GROHYDD: [0.9661454558372498, 0.9555705785751343, 0.22112658619880676, 1.2806805898435414e-05, 0.9832330346107483]
GODLYDR: [0.0010846658842638135, 0.9894348978996277, 0.3270934224128723, 0.7649118900299072, 0.9995554089546204]
GRCLQDD: [0.9766314625740051, 0.9964315891265869, 0.9919222593307495, 0.7041934728622437, 5.984721155982697e-06]
GRDDTDD: [0.9307774901390076, 0.9763325452804565, 0.0198530163615942, 0.9784890413284302, 0.8971746563911438]
GRBMYDD: [0.9945565462112427, 0.9885225296020508, 0.8921192288398743, 0.05023223161697388, 0.9475836157798767]
GKDLYDR: [0.8566306829452515, 0.9273403882980347, 0.07036430388689041, 0.5619122982025146, 0.9996334314346313]
GYDLKDD: [0.03934134915471077, 0.9864053130149841, 0.687978208065033, 0.9332132339477539, 0.9761792421340942]
GROBYDD: [0.9845198392868042, 0.9692819714546204, 0.6919897198677063, 0.007780503015965223, 0.7537450194358826]
GRUIYDD: [0.9449262022972107, 0.8039320707321167, 0.9616273641586304, 0.08097853511571884, 0.9164233207702637]
GRGMYDD: [0.9984918832778931, 0.986315906047821, 0.9602854251861572, 0.016411129385232925, 0.9413915276527405]
ERDUYDD: [0.9691035747528076, 0.9906821250915527, 0.5810310244560242, 1.183585254693753e-06, 0.8108434081077576]
ORVLYDD: [0.9733850359916687, 0.7524389624595642, 0.9671099185943604, 0.0003987469826824963, 0.9592289924621582]
ARMLYDD: [0.975263237953186, 0.9984521865844727, 0.6530354619026184, 1.4605858268623706e-05, 0.8266025185585022]
GHQLYDD: [0.9602612257003784, 0.7229510545730591, 0.22195114195346832, 0.00012569501996040344, 0.9265438914299011]
GSCLYDD: [0.9176937937736511, 0.9949401617050171, 0.9813562631607056, 0.0661236047744751, 0.9506353735923767]
GRULYDE: [0.9814603328704834, 0.9797922372817993, 0.8383434414863586, 0.2846444547176361, 0.9888424873352051]
GWGLYDD: [0.9153143763542175, 0.8513286113739014, 0.0008940919069573283, 0.9660670161247253, 0.9246453046798706]
TRILYDD: [0.910755455493927, 0.8986669778823853, 0.7826343178749084, 0.005193251650780439, 0.9817562103271484]
GODDYDD: [0.017599450424313545, 0.6899058222770691, 0.7353628277778625, 0.9863357543945312, 0.9516415596008301]
GOOLYDD: [0.7563589215278625, 0.950430154800415, 0.21351107954978943, 0.8607300519943237, 0.9995518326759338]
GHBLYDD: [0.9881965517997742, 0.9524207711219788, 0.20518063008785248, 0.003270890796557069, 0.9154342412948608]
GRDDQDD: [0.14657756686210632, 0.9578426480293274, 0.21794737875461578, 0.9225794672966003, 0.9873037934303284]
GYZLYDD: [0.25183218717575073, 0.7921825647354126, 0.9558470249176025, 0.6749507784843445, 0.9939858317375183]
GMSLYDD: [0.883548378944397, 0.5017947554588318, 0.7857820391654968, 3.4438614875398343e-06, 0.965201735496521]
GGVLYDD: [0.08002839237451553, 0.6199334859848022, 0.20327846705913544, 0.6887027025222778, 0.9948248863220215]
GRYMYDD: [0.9957314133644104, 0.8205927610397339, 0.5935559272766113, 0.0031339717097580433, 0.9993625283241272]
MODLYDD: [0.8452812433242798, 0.9220649003982544, 0.7612441778182983, 0.6196359395980835, 0.5124344825744629]
GRWLMDD: [0.9912596344947815, 0.9909714460372925, 0.20659179985523224, 0.9613180160522461, 0.0005748105468228459]
GRNCYDD: [0.9958517551422119, 0.984531581401825, 0.29311370849609375, 0.00333982752636075, 0.8614944219589233]
DRDBYDD: [0.995363712310791, 0.701521098613739, 0.8135344982147217, 0.4333060681819916, 0.9568421244621277]
GRDVYDS: [0.9063030481338501, 0.9972701668739319, 0.6245165467262268, 0.0013675314839929342, 0.981147825717926]
YKDLYDD: [0.9569448232650757, 0.9881350994110107, 0.20555755496025085, 0.001661745016463101, 0.9983881711959839]
GRZLDDD: [0.8880401253700256, 0.6624681353569031, 1.628823702048976e-05, 0.9877023100852966, 0.7424361705780029]
GRWMYDD: [0.9735499620437622, 0.9948029518127441, 0.8602274656295776, 0.0010433521820232272, 0.9646235108375549]
GRBOYDD: [0.9931981563568115, 0.9853135943412781, 0.2727943956851959, 0.014651271514594555, 0.7091705203056335]
GRZAYDD: [0.9303732514381409, 0.9155638813972473, 0.7102360725402832, 0.00024125236086547375, 0.9382103085517883]
GZDDYDD: [0.09962847083806992, 0.5976622700691223, 0.739794909954071, 0.9938176274299622, 0.9325889945030212]
MRDLYED: [0.9821587204933167, 0.9763500094413757, 0.6842946410179138, 0.83708256483078, 1.956739833985921e-05]
DQDLYDD: [0.07077019661664963, 0.9219644665718079, 0.9337536096572876, 0.8126563429832458, 0.9957292675971985]
MRDLWDD: [0.9965104460716248, 0.9011363387107849, 0.9653113484382629, 0.678473711013794, 6.812495706443045e-11]
GEDLHDD: [0.9502227306365967, 0.9257551431655884, 1.390307744486563e-07, 0.6471255421638489, 0.9863662719726562]
GRDMDDD: [0.9714066982269287, 0.9869274497032166, 2.263074520669761e-06, 0.8953860998153687, 0.9707189798355103]
GZDLYDD: [0.0029262269381433725, 0.7645649909973145, 0.24990621209144592, 0.9724287390708923, 0.9994783997535706]
WRVLYDD: [0.9704941511154175, 0.97381591796875, 0.9973071813583374, 0.0016631491016596556, 0.7063870429992676]
DRDLLDD: [0.9653851389884949, 0.5342010259628296, 0.4453502893447876, 0.598174512386322, 8.599093348493625e-08]
GRBAYDD: [0.9584791660308838, 0.9802336096763611, 0.20365871489048004, 4.294306199881248e-05, 0.9831048846244812]
GGNLYDD: [0.8013349771499634, 0.8198317885398865, 0.5218013525009155, 0.9258003830909729, 0.9867933392524719]
GLGLYDD: [0.9592335820198059, 0.997919499874115, 0.701935887336731, 0.029006673023104668, 0.9156425595283508]
CKDLYDD: [0.8908166289329529, 0.9876149892807007, 0.359726220369339, 0.0018084258772432804, 0.9826430082321167]
GEDLYDY: [0.991797685623169, 0.4467286467552185, 0.0031870235688984394, 0.6906723380088806, 0.9955841898918152]
GRNLYDE: [0.9492243528366089, 0.5370498895645142, 0.5433658957481384, 0.004235452972352505, 0.9950992465019226]
CDDLYDD: [0.8922687768936157, 0.5270886421203613, 0.0006630170391872525, 0.7738495469093323, 0.9917868971824646]
GYULYDD: [0.1458495855331421, 0.6170064806938171, 0.8675000071525574, 0.8456280827522278, 0.9951424598693848]
GYOLYDD: [0.15222536027431488, 0.5784123539924622, 0.9376193881034851, 0.6252989172935486, 0.9963173866271973]
GPWLYDD: [0.01168887224048376, 0.9984340071678162, 0.6137096285820007, 0.8251978158950806, 0.9774895310401917]
GRUCYDD: [0.9982799291610718, 0.9988152980804443, 0.8076450228691101, 0.027155498042702675, 0.9181768894195557]
GYDLYDO: [0.0017807293916121125, 0.49229925870895386, 0.5214093923568726, 0.5881470441818237, 0.9668203592300415]
GRNLYDD: [0.9535695910453796, 0.6157107353210449, 0.8396356105804443, 0.02336379513144493, 0.9735530018806458]
GZDLYDS: [0.7394384741783142, 0.6162028908729553, 0.5107008218765259, 0.9516516923904419, 0.9999163150787354]
OGDLYDD: [0.9416977763175964, 0.9884872436523438, 0.3368323743343353, 0.25226202607154846, 0.7492059469223022]
GRKAYDD: [0.9191429615020752, 0.9726011157035828, 0.9040195345878601, 0.2553607225418091, 0.9824811816215515]
GUGLYDD: [0.9819796085357666, 0.9685796499252319, 0.0010555906919762492, 0.7125589847564697, 0.9954967498779297]
DBDLYDD: [0.8557867407798767, 0.42077571153640747, 0.8586449027061462, 0.5928736925125122, 0.9980558156967163]
MZDLYDD: [0.9272499680519104, 0.9111183285713196, 0.9105778932571411, 0.5341627597808838, 0.7744964957237244]
AZDLYDD: [0.9768460988998413, 0.9867507815361023, 0.44159847497940063, 0.004908688832074404, 0.9490963220596313]
GROLYDD: [0.9792914986610413, 0.9146589636802673, 0.9441854357719421, 0.01148663368076086, 0.9958487749099731]
DRDCYDD: [0.9926990866661072, 0.9758362174034119, 0.732064962387085, 0.8276747465133667, 0.2359355092048645]
GHTLYDD: [0.9907790422439575, 0.9747997522354126, 0.7006116509437561, 0.0008018326479941607, 0.9537411332130432]
GPDLYDA: [2.7319276341586374e-05, 0.9907944798469543, 0.2692740261554718, 0.660077691078186, 0.9748661518096924]
GGSLYDD: [0.9852272272109985, 0.9163539409637451, 0.4575073719024658, 0.05781489238142967, 0.9678283929824829]
ARHLYDD: [0.9778192639350891, 0.8259908556938171, 0.9553986191749573, 0.00020898527873214334, 0.8635284304618835]
DRDVYDD: [0.9773657321929932, 0.7464590668678284, 0.480070561170578, 0.005681735463440418, 0.9316306114196777]
ERDOYDD: [0.9929705262184143, 0.9900645613670349, 0.8077152967453003, 3.7093677747179754e-06, 0.9451959133148193]
GRZMYDD: [0.9912427663803101, 0.9807628393173218, 0.9920690059661865, 0.050803977996110916, 0.9052345752716064]
GGZLYDD: [0.9816285371780396, 0.20511853694915771, 0.7269399762153625, 0.9604479670524597, 0.9863631129264832]
DRQLYDD: [0.8993536829948425, 0.6911795139312744, 0.5151764154434204, 7.041940989438444e-05, 0.9992102384567261]
IDDLYDD: [0.8804280161857605, 0.5059632062911987, 0.0029608067125082016, 0.6252384781837463, 0.924545168876648]
GRDGYDS: [0.9728143215179443, 0.970268189907074, 0.8499166965484619, 2.693943133635912e-05, 0.9468330144882202]
GRDDYDS: [0.8169594407081604, 0.970745861530304, 0.7077728509902954, 0.5849341154098511, 0.9863680005073547]
GRDNDDD: [0.8744538426399231, 0.9189344644546509, 2.412757493797102e-10, 0.9307036399841309, 0.9837155938148499]
GRNZYDD: [0.9837978482246399, 0.750012993812561, 0.6976596713066101, 0.000999149400740862, 0.931845486164093]
GRHAYDD: [0.965120255947113, 0.9237417578697205, 0.2841109335422516, 3.607277449191315e-06, 0.9211979508399963]
GRVBYDD: [0.9516357183456421, 0.8838002681732178, 0.27888137102127075, 0.00039953956729732454, 0.705062210559845]
WRWLYDD: [0.9963841438293457, 0.986968457698822, 0.9927099943161011, 0.5695093274116516, 0.5929856300354004]
GKDLYDO: [0.8524229526519775, 0.8234789371490479, 0.001454205485060811, 0.8184415698051453, 0.9978896975517273]
GROLYDE: [0.9814382791519165, 0.9760844111442566, 0.8076491355895996, 0.028450680896639824, 0.9950199127197266]
GRHMYDD: [0.9953677654266357, 0.972039520740509, 0.9871304631233215, 0.09577178955078125, 0.9929527640342712]
NRDAYDD: [0.8476768136024475, 0.9799423217773438, 0.6083434224128723, 9.247430909908871e-08, 0.8304209113121033]
GRUVYDD: [0.9788714051246643, 0.9804865121841431, 0.37744268774986267, 0.12899599969387054, 0.9904420971870422]
MFDLYDD: [0.8907482028007507, 0.9889683127403259, 0.7089106440544128, 0.014794357120990753, 0.9113174676895142]
GRZEYDD: [0.9735450148582458, 0.5874413847923279, 0.1981515884399414, 0.0028308925684541464, 0.9506999254226685]
GRIOYDD: [0.983709454536438, 0.9423670172691345, 0.22729776799678802, 0.0016521061770617962, 0.8383697867393494]
GRCLUDD: [0.9289290904998779, 0.9913758635520935, 0.43546250462532043, 0.6367680430412292, 1.0582185723251314e-06]
CRILYDD: [0.9423778057098389, 0.8406184315681458, 0.38486286997795105, 0.0026981590781360865, 0.9332544207572937]
GCILYDD: [0.9853156805038452, 0.4858703017234802, 0.6299879550933838, 0.0003622141666710377, 0.9968420267105103]
GGULYDD: [0.9651961922645569, 0.3834514617919922, 0.6098257303237915, 0.9889260530471802, 0.9898500442504883]
GPILYDD: [0.016531338915228844, 0.9912711381912231, 0.8382397294044495, 0.90757817029953, 0.9277533888816833]
GRELMDD: [0.9348978996276855, 0.7180283069610596, 0.6669987440109253, 0.7606946229934692, 2.453408001201751e-07]
GRHLYDE: [0.9921922087669373, 0.9022705554962158, 0.9805186986923218, 0.5333026051521301, 0.9840676784515381]
VRDLYED: [0.8862554430961609, 0.8717458248138428, 0.7120659947395325, 0.7099677324295044, 3.0185569812601898e-06]
DGDLYDD: [0.984451413154602, 0.958606481552124, 0.8639429807662964, 0.5096380114555359, 0.9993718266487122]
FRDLCDD: [0.9751063585281372, 0.9994080066680908, 0.2748629152774811, 0.8364951014518738, 6.62653487637499e-09]
GSGLYDD: [0.865477442741394, 0.9835297465324402, 0.05896228179335594, 0.8361018300056458, 0.9376512765884399]
GRBIYDD: [0.9610544443130493, 0.9395228624343872, 0.9854968190193176, 0.12789380550384521, 0.9361274242401123]
GRNMYDD: [0.9927355051040649, 0.7853103876113892, 0.9505791068077087, 0.04753280431032181, 0.9957394599914551]
GTULYDD: [0.9158563613891602, 0.581118106842041, 0.0454518161714077, 0.9847840070724487, 0.9974986910820007]
GGGLYDD: [0.9197912216186523, 0.7758327722549438, 0.02753792516887188, 0.995488703250885, 0.8498935103416443]
GLDLYED: [0.017290247604250908, 0.8537105917930603, 0.919466495513916, 0.702981173992157, 0.9982839226722717]
GZZLYDD: [0.5879099369049072, 0.6609658598899841, 0.34088799357414246, 0.9204152822494507, 0.9993605017662048]
GGDLODD: [0.8390126824378967, 0.4502457082271576, 0.001965715317055583, 0.9275900721549988, 0.9280167818069458]
GRBZYDD: [0.9974333643913269, 0.9737715125083923, 0.7056515216827393, 0.01687752828001976, 0.7837727069854736]
GRGOYDD: [0.9992513060569763, 0.9962142109870911, 0.48254674673080444, 0.0332089364528656, 0.7170622944831848]
GVDGYDD: [0.0003165778471156955, 0.9908422231674194, 0.5278720259666443, 0.7113714218139648, 0.7354085445404053]
DODLYDD: [0.9824811816215515, 0.8678160309791565, 0.8761124610900879, 0.48100191354751587, 0.9986451268196106]
GGHLYDD: [0.9968286156654358, 0.04273653402924538, 0.4115274250507355, 0.9813734889030457, 0.9647762775421143]
GROCYDD: [0.998026430606842, 0.9989659786224365, 0.4424420893192291, 0.00513232359662652, 0.9592537879943848]
DRDZYDD: [0.994569718837738, 0.8356904983520508, 0.9580784440040588, 0.22306126356124878, 0.9600099325180054]
GTOLYDD: [0.8544583320617676, 0.8010048270225525, 0.05358019471168518, 0.9601736664772034, 0.9983357787132263]
GRXMYDD: [0.9852610230445862, 0.9439824223518372, 0.29629436135292053, 0.009131498634815216, 0.7734531164169312]
ARILYDD: [0.9661828279495239, 0.996529757976532, 0.9105337262153625, 0.0003057109715882689, 0.9751691818237305]
GROLYED: [0.9377337694168091, 0.838300883769989, 0.5487602949142456, 0.18443700671195984, 0.9614538550376892]
GRVLYDD: [0.9803418517112732, 0.6558374762535095, 0.9021351337432861, 0.0022518387995660305, 0.8682209253311157]
GSDLKDD: [0.8706381320953369, 0.9095718264579773, 0.09244859218597412, 0.8954396843910217, 0.9997722506523132]
GRCLNDD: [0.95450758934021, 0.9912436008453369, 0.25405269861221313, 0.7002591490745544, 0.00041667360346764326]
GRZLYDD: [0.9830407500267029, 0.8703054785728455, 0.9829115867614746, 0.01872202195227146, 0.9826985001564026]
GHULYDD: [0.9879601001739502, 0.9546301364898682, 0.54402756690979, 0.02206476964056492, 0.7061512470245361]
GRDMVDD: [0.8666440844535828, 0.9634480476379395, 0.199220672249794, 0.0018404513830319047, 0.920426607131958]
URQLYDD: [0.9525386691093445, 0.4701278507709503, 0.3389507830142975, 1.0081335233280697e-07, 0.7719953656196594]
GRTLYDE: [0.9725484848022461, 0.7605410218238831, 0.7156079411506653, 0.012277871370315552, 0.975929856300354]
GTQLYDD: [0.8927378058433533, 0.46152716875076294, 0.0037064903881400824, 0.903556227684021, 0.9010652303695679]
DRYLYDD: [0.9126573801040649, 0.9387844800949097, 0.2653019428253174, 0.35269710421562195, 0.9902349710464478]
DVDLYDD: [0.9849439263343811, 0.9800952672958374, 0.6658819317817688, 0.013867443427443504, 0.9817278385162354]
GRULYED: [0.9075233936309814, 0.9183384776115417, 0.4390241205692291, 0.30060604214668274, 0.9788565635681152]
DRWLYDD: [0.9719178080558777, 0.9995318651199341, 0.3142493963241577, 0.004204608965665102, 0.94473797082901]
GRFMYDD: [0.872990608215332, 0.9895648956298828, 0.9089168310165405, 3.694299448397942e-05, 0.9202853441238403]
GRBVYDD: [0.9906699657440186, 0.985069215297699, 0.5240598917007446, 0.060701336711645126, 0.9931501746177673]
GIDDYDD: [0.004807732999324799, 0.7564815282821655, 0.3933003842830658, 0.6907316446304321, 0.9163457155227661]
GRZCYDD: [0.997366726398468, 0.9952605366706848, 0.868836522102356, 0.016569098457694054, 0.8543692827224731]
DYDLYDD: [0.00853442307561636, 0.9202800989151001, 0.8152715563774109, 0.8530395030975342, 0.9967864751815796]
GRDWYED: [0.9876863956451416, 0.7155976295471191, 0.567523717880249, 0.019541162997484207, 0.7525549530982971]
GYQLYDD: [0.12378782778978348, 0.4578755497932434, 0.8047710061073303, 0.8117843866348267, 0.9729326963424683]
GRUHYDD: [0.9842442870140076, 0.9974403381347656, 0.2831927537918091, 4.0745562728261575e-06, 0.9795892834663391]
GRZVYDD: [0.9899532198905945, 0.9205288290977478, 0.6643585562705994, 0.3712708652019501, 0.9907128214836121]
GHYLYDD: [0.9777946472167969, 0.9774588942527771, 0.31327083706855774, 0.0015450293431058526, 0.9879988431930542]
GZOLYDD: [0.7817079424858093, 0.9030501246452332, 0.5977662205696106, 0.9665467739105225, 0.9996323585510254]
GGBLYDD: [0.9804790616035461, 0.12081296741962433, 0.2692747116088867, 0.9772030711174011, 0.9957274198532104]
GRDWWDD: [0.974465012550354, 0.519049882888794, 0.3204597234725952, 0.8288593888282776, 0.08191362023353577]
GGDLYDS: [0.2832755446434021, 0.7382204532623291, 0.7704414129257202, 0.6321813464164734, 0.9171636700630188]
GHOLYDD: [0.9897470474243164, 0.9195393323898315, 0.6281792521476746, 0.012885316275060177, 0.9804689288139343]
GRVOYDD: [0.941859245300293, 0.8095524311065674, 0.4147844910621643, 0.00020304870849940926, 0.9294601082801819]
DNDLYDD: [0.8597501516342163, 0.939317524433136, 0.004257933236658573, 0.8040077090263367, 0.9994680285453796]
VWDLYDD: [0.01872165873646736, 0.9405593276023865, 0.406978577375412, 0.6221105456352234, 0.9967743754386902]
GRKIYDD: [0.9627825617790222, 0.8920934200286865, 0.988229513168335, 0.9061598181724548, 0.6716065406799316]
DRDLYDS: [0.8920115828514099, 0.961995542049408, 0.7736372947692871, 0.04249626398086548, 0.8552711606025696]
GRUMYDD: [0.9927999973297119, 0.992243230342865, 0.9623658061027527, 0.05759077146649361, 0.8322744369506836]
GBDLYDR: [0.0003150537086185068, 0.9897487759590149, 0.3754960596561432, 0.6589739322662354, 0.9994334578514099]
GRDGQDD: [0.9468238949775696, 0.9512873888015747, 0.20029695332050323, 0.011457600630819798, 0.7378211617469788]
GRZLYDE: [0.9828868508338928, 0.9646837115287781, 0.9010329842567444, 0.14203888177871704, 0.9802253842353821]
GHZLYDD: [0.9815588593482971, 0.9138665795326233, 0.8016379475593567, 0.007567329332232475, 0.9458048343658447]
GRQLWDD: [0.9700329303741455, 0.46564531326293945, 0.8314669728279114, 4.945385444443673e-05, 0.8072904944419861]
GTTLYDD: [0.9754250049591064, 0.9549465775489807, 0.007535841781646013, 0.6980097889900208, 0.9964210987091064]
GRDZYDS: [0.9240063428878784, 0.9944937825202942, 0.37567979097366333, 0.0003018000570591539, 0.9260938167572021]
GRDUYDS: [0.9706992506980896, 0.9933040738105774, 0.46449100971221924, 0.00026531273033469915, 0.7810707688331604]
DRZLYDD: [0.9223514199256897, 0.9867794513702393, 0.9669977426528931, 0.01295788399875164, 0.7271705269813538]
GEDLYDQ: [0.9119487404823303, 0.696500837802887, 0.00037181214429438114, 0.8121433854103088, 0.9994057416915894]
DRFLYDD: [0.9938592314720154, 0.9962719678878784, 0.43248695135116577, 5.186321141081862e-05, 0.8100315928459167]
RRDAYDD: [0.9166052341461182, 0.8754607439041138, 0.5803660750389099, 1.584086528616524e-09, 0.8233554363250732]
GRDAYDS: [0.8758156895637512, 0.9909775257110596, 0.9330704212188721, 4.59838192909956e-05, 0.9807488918304443]
GWKLYDD: [0.9615631699562073, 0.934667706489563, 0.0013153031468391418, 0.8366009593009949, 0.9591957330703735]
GROMYDD: [0.9908379912376404, 0.9945955872535706, 0.9697754383087158, 0.05539054796099663, 0.9624994397163391]
MUDLYDD: [0.8375125527381897, 0.962827742099762, 0.45050525665283203, 0.7740523815155029, 0.4864693880081177]
GRHZYDD: [0.991684079170227, 0.8025669455528259, 0.4516910910606384, 0.0013072447618469596, 0.9500285983085632]
GRTLYDD: [0.9633561968803406, 0.9022473692893982, 0.8494822978973389, 0.006320258602499962, 0.8696058988571167]
GRICYDD: [0.8978948593139648, 0.9867720007896423, 0.3104502558708191, 0.0027384457644075155, 0.968003511428833]
DROLYDD: [0.9525660276412964, 0.9944105744361877, 0.629054605960846, 0.0185274388641119, 0.7533687949180603]
DWDLYDD: [0.9899861216545105, 0.9623581171035767, 0.47136014699935913, 0.183858260512352, 0.9994761347770691]
DZDLYDD: [0.9041650295257568, 0.6975213289260864, 0.9336532354354858, 0.35201311111450195, 0.9976546168327332]
GKDLHDD: [0.9224190711975098, 0.9979909658432007, 0.0002353859308641404, 0.927128255367279, 0.9914524555206299]
ERDBYDD: [0.9713115692138672, 0.9796807169914246, 0.5591633915901184, 8.213381761379424e-07, 0.9758545756340027]
GTBLYDD: [0.945187509059906, 0.7926658391952515, 0.006990919820964336, 0.9488157629966736, 0.9978070855140686]
GGTLYDD: [0.9847491383552551, 0.5042406916618347, 0.30556774139404297, 0.5365319848060608, 0.998301088809967]
GRGBYDD: [0.9980706572532654, 0.9910224676132202, 0.2149563580751419, 0.02234218455851078, 0.8332515954971313]
IBDLYDD: [0.9543790221214294, 0.9966663718223572, 0.4067392349243164, 0.12403073161840439, 0.817562460899353]
GRDLYES: [0.8739681839942932, 0.000205782605917193, 0.8754720687866211, 0.9058173894882202, 0.8323032259941101]
YRLLYDD: [0.9811455607414246, 0.9970521926879883, 0.6954122185707092, 3.883622048306279e-05, 0.7850721478462219]
GRCEYDD: [0.987456738948822, 0.939869225025177, 0.7206895351409912, 0.003982042893767357, 0.9132694005966187]
GRCLFDD: [0.9929234981536865, 0.9285741448402405, 0.24577593803405762, 0.6514416933059692, 0.0008006098214536905]
DRDEYDD: [0.8997998237609863, 0.3350639045238495, 0.7344729900360107, 0.9515013098716736, 0.9992582201957703]
GMGLYDD: [0.9889588356018066, 0.9982596039772034, 0.07418300211429596, 0.736056923866272, 0.9775634407997131]
GRBLYED: [0.9434527158737183, 0.8203428983688354, 0.43699780106544495, 0.06311491876840591, 0.950040876865387]
GRDCDDD: [0.9543198347091675, 0.9962559938430786, 3.241461570269166e-07, 0.9992201328277588, 0.8148553371429443]
GRDLEHD: [0.8991994857788086, 0.927222490310669, 2.0878687667647e-10, 0.8937296271324158, 0.864722728729248]
GPNLYDD: [0.0009056760463863611, 0.6546145677566528, 0.2178824543952942, 0.8205975890159607, 0.9991139769554138]
GHDLHDD: [0.8838106989860535, 0.9989420771598816, 3.2664367608958855e-05, 0.9913384914398193, 0.8183902502059937]
GRHLYDD: [0.996170699596405, 0.5701935887336731, 0.8453611135482788, 0.14185093343257904, 0.8943012356758118]
GPZLYDD: [0.020260799676179886, 0.9781942963600159, 0.6334721446037292, 0.6331841945648193, 0.9907642602920532]
GRQLYDE: [0.9321274161338806, 0.6791616082191467, 0.20830121636390686, 6.5974504650512245e-06, 0.9992966651916504]
ARNLYDD: [0.9747925996780396, 0.49092453718185425, 0.9493550062179565, 0.00031343111186288297, 0.8981732130050659]
DRDAYDD: [0.9136178493499756, 0.9644968509674072, 0.7340567111968994, 0.08236603438854218, 0.9980922341346741]
YRILYDD: [0.9843093156814575, 0.9871178269386292, 0.9710463285446167, 0.00406130263581872, 0.988878607749939]
GRDMYDQ: [0.9239288568496704, 0.9947992563247681, 0.3091212809085846, 0.0002753649605438113, 0.9984758496284485]
GRDWGDD: [0.985687792301178, 0.5029163956642151, 0.5673445463180542, 0.5904558897018433, 0.006857442203909159]
GYNLYDD: [0.012631162069737911, 0.9174115061759949, 0.93939608335495, 0.8198343515396118, 0.9947832226753235]
GCKLYDD: [0.9854977130889893, 0.3665240705013275, 0.5180776715278625, 0.9312158823013306, 0.973491907119751]
NRVLYDD: [0.9452903866767883, 0.9900172352790833, 0.8986036777496338, 0.00029026655829511583, 0.8998972177505493]
GRDKDDD: [0.9360508918762207, 0.970302402973175, 1.3106445706512204e-08, 0.9917986392974854, 0.9769201278686523]
GRDQDDD: [0.9546334147453308, 0.9866181015968323, 2.5575667450539186e-07, 0.8852726221084595, 0.9543449282646179]
GRDEMDD: [0.8749043941497803, 0.04342876747250557, 0.23794998228549957, 0.8610863089561462, 0.7108768820762634]
GGDLKDD: [0.9751874208450317, 0.6584352254867554, 0.07955178618431091, 0.9983195662498474, 0.8030555248260498]
GKDLKDD: [0.8596492409706116, 0.9923596978187561, 0.01701541617512703, 0.7882921099662781, 0.9928326606750488]
GRKCYDD: [0.8765794634819031, 0.9490618705749512, 0.9658177495002747, 0.043632980436086655, 0.7526259422302246]
GRYWYDD: [0.9989225268363953, 0.7447309494018555, 0.7446650862693787, 0.04118049144744873, 0.954023540019989]
GRVZYDD: [0.9509257078170776, 0.7568381428718567, 0.6320165395736694, 0.00033405108842998743, 0.8625040054321289]
GRQLYDD: [0.885057806968689, 0.7548761367797852, 0.21767637133598328, 0.0001301262091146782, 0.9985563158988953]
GRHLDDD: [0.965650200843811, 0.7537577748298645, 6.066191417630762e-06, 0.9776327610015869, 0.7770859599113464]
GEDDYDD: [0.8627999424934387, 0.784892737865448, 3.428473064559512e-06, 0.8216743469238281, 0.9578338265419006]
GLDDYDD: [0.017790494486689568, 0.954865038394928, 0.7015712261199951, 0.660362958908081, 0.9852039813995361]
ORYLYDD: [0.9742931127548218, 0.5767561793327332, 0.6100385785102844, 0.00013107452832628042, 0.827607274055481]
CRDAYDD: [0.9537071585655212, 0.999562680721283, 0.9139991998672485, 5.72730812109512e-07, 0.9166945815086365]
GMDGYDD: [0.00010416822624392807, 0.9746487736701965, 0.5490479469299316, 0.8299404978752136, 0.8244063258171082]
DRNLYDD: [0.9731730818748474, 0.7522919774055481, 0.4602808952331543, 0.0015070438385009766, 0.7827506065368652]
DLDLYDD: [0.9406214356422424, 0.8831609487533569, 0.9668540954589844, 0.023297414183616638, 0.9329091310501099]
GRCLYDE: [0.9677098989486694, 0.9687660336494446, 0.9749261736869812, 0.6285075545310974, 0.19216369092464447]
GDDLYDA: [0.0004246711905580014, 0.9827178120613098, 0.5152590870857239, 0.5947956442832947, 0.8841944336891174]
GROEYDD: [0.9741696715354919, 0.7478922605514526, 0.1962800770998001, 0.0012859146809205413, 0.9516909122467041]
GZKLYDD: [0.6838424205780029, 0.9499088525772095, 0.4217487573623657, 0.9982926249504089, 0.9981456995010376]
GRVUYDD: [0.9878657460212708, 0.9270256757736206, 0.2298414260149002, 0.0012609168188646436, 0.8897294998168945]
VDDLYDD: [0.8403548002243042, 0.6728694438934326, 0.017651472240686417, 0.9192439913749695, 0.9938949942588806]
GRDCQDD: [0.8906317353248596, 0.8990469574928284, 0.4052131772041321, 0.19338259100914001, 0.7161811590194702]
SKDLYDD: [0.9584158062934875, 0.9770607948303223, 0.2645823061466217, 5.171500379219651e-05, 0.9729864001274109]
GRBCYDD: [0.997620165348053, 0.997275173664093, 0.19844722747802734, 0.012513723224401474, 0.8489649295806885]
GSOLYDD: [0.4600451588630676, 0.9535619020462036, 0.29754185676574707, 0.691709578037262, 0.9978413581848145]
GCDLKDD: [0.9781810641288757, 0.822191596031189, 0.1256539225578308, 0.9593434929847717, 0.9299445152282715]
GRHEYDD: [0.9506596922874451, 0.6575623154640198, 0.5669852495193481, 0.001566051971167326, 0.9888228178024292]
GZDGYDD: [0.0027134569827467203, 0.8719041347503662, 0.45656538009643555, 0.6079102158546448, 0.7647240161895752]
GRGIYDD: [0.9923263788223267, 0.9456461071968079, 0.6414621472358704, 0.36973610520362854, 0.8142991065979004]
CHDLYDD: [0.9312593340873718, 0.997107207775116, 0.43190646171569824, 0.06253307312726974, 0.9250940084457397]
MWDLYDD: [0.7385997772216797, 0.9409929513931274, 0.7518788576126099, 0.9576417207717896, 0.9923275113105774]
GRIDYDD: [0.9434150457382202, 0.9931500554084778, 0.00014535593800246716, 0.5730937123298645, 0.9498637914657593]
GRVMYDD: [0.8794071674346924, 0.9528231024742126, 0.9704030156135559, 0.006150295492261648, 0.9659929871559143]
GRZIYDD: [0.9325926899909973, 0.7611308693885803, 0.9944126009941101, 0.32666802406311035, 0.9104258418083191]
GRXIYDD: [0.8797647356987, 0.7449201345443726, 0.7587928175926208, 0.0012039766879752278, 0.70334392786026]
GRBLYDD: [0.9840564727783203, 0.9205262064933777, 0.8207284212112427, 0.004095408599823713, 0.9838406443595886]
GRZLYED: [0.9590573310852051, 0.5803185105323792, 0.6949850916862488, 0.13948240876197815, 0.9366167783737183]
GPULYDD: [0.028256351128220558, 0.9847697019577026, 0.8692542910575867, 0.7096409797668457, 0.9938271641731262]
GRYLYDD: [0.9911301136016846, 0.6595112085342407, 0.4922756850719452, 0.001441902364604175, 0.9926273226737976]
DKDLYDD: [0.9740436673164368, 0.9041718244552612, 0.7692426443099976, 0.026571396738290787, 0.972052276134491]
GGILYDD: [0.21948249638080597, 0.7590620517730713, 0.6135503053665161, 0.9531053304672241, 0.9247589707374573]
GRDDCDD: [0.8833782076835632, 0.99443519115448, 0.0014446091372519732, 0.9961056113243103, 0.9036679863929749]
GODLYDS: [0.5976199507713318, 0.6043208837509155, 0.3493005633354187, 0.9801527857780457, 0.9999508857727051]
GSZLYDD: [0.059633802622556686, 0.8447374701499939, 0.4700757563114166, 0.854100227355957, 0.9974379539489746]
GRBBYDD: [0.9928858876228333, 0.9887580871582031, 0.3336982727050781, 0.013619099743664265, 0.8318999409675598]
WRFLYDD: [0.983112633228302, 0.9693580865859985, 0.9980680346488953, 6.326622678898275e-05, 0.7960877418518066]
GRGZYDD: [0.998752236366272, 0.9938392043113708, 0.5877147912979126, 0.05617533624172211, 0.7039862871170044]
URVLYDD: [0.9724312424659729, 0.7793973088264465, 0.8698673844337463, 0.0009211978758685291, 0.9663912057876587]
GRULYDD: [0.9839867353439331, 0.8673213720321655, 0.9315946102142334, 0.1044391468167305, 0.9832395911216736]
GRKVYDD: [0.9953905344009399, 0.7193502187728882, 0.721457302570343, 0.41969287395477295, 0.9645769000053406]
GKDLCDD: [0.957748532295227, 0.9797055125236511, 0.005375058390200138, 0.6684314012527466, 0.9276376962661743]
GRIMYDD: [0.9088834524154663, 0.9537274241447449, 0.9389240741729736, 0.012140357866883278, 0.9740869402885437]
GRDDSDD: [0.9744032025337219, 0.9727599620819092, 0.2031250149011612, 0.9516938328742981, 0.28903794288635254]
GRDMYDS: [0.9095927476882935, 0.9959724545478821, 0.9934113621711731, 0.004013046156615019, 0.9831845164299011]
GRNOYDD: [0.9793157577514648, 0.9627331495285034, 0.40073221921920776, 0.00031150641734711826, 0.9088336229324341]
GRGEYDD: [0.9975271821022034, 0.9855803847312927, 0.3655202388763428, 0.044017206877470016, 0.9778993129730225]
GBDDYDD: [0.023392487317323685, 0.4688435196876526, 0.46205782890319824, 0.9935036301612854, 0.9501585960388184]
GZDLYDR: [0.0021336765494197607, 0.9758366346359253, 0.4057495892047882, 0.7284444570541382, 0.9994636178016663]
GRBLYDE: [0.9798310399055481, 0.9688737988471985, 0.5825859308242798, 0.03727094084024429, 0.9895596504211426]
DRDUYDD: [0.9950022101402283, 0.7644199132919312, 0.6912330389022827, 0.41435545682907104, 0.9209074974060059]
GRDDYDY: [0.9331133961677551, 0.9807743430137634, 0.509155809879303, 0.030424019321799278, 0.9945201277732849]
DRDRYDD: [0.9980802536010742, 0.7304106950759888, 0.8646535277366638, 0.20280803740024567, 0.85343337059021]
GRQMYDD: [0.9775894284248352, 0.7708930373191833, 0.4929998815059662, 0.0008559352718293667, 0.9989705085754395]
GRUAYDD: [0.9519045948982239, 0.9429789781570435, 0.39358407258987427, 0.000271307973889634, 0.9670271873474121]
GHHLYDD: [0.9878594279289246, 0.8984785079956055, 0.8650754690170288, 0.07374074310064316, 0.7030723690986633]
GRHVYDD: [0.9909976720809937, 0.8984562754631042, 0.8063744902610779, 0.0021385643631219864, 0.9860954880714417]
DRHLYDD: [0.9497916102409363, 0.9921272993087769, 0.49328458309173584, 8.00764755695127e-05, 0.972769558429718]
GDKLYDD: [0.966293215751648, 0.7807808518409729, 0.005895678419619799, 0.9943353533744812, 0.9997323155403137]
GRNBYDD: [0.9596350193023682, 0.9035537838935852, 0.2238137423992157, 0.0004450997803360224, 0.9029876589775085]
YRHLYDD: [0.9946828484535217, 0.7828269600868225, 0.9890782237052917, 2.4774803932814393e-06, 0.7559672594070435]
GUDLYDR: [0.00014545478916261345, 0.9696698188781738, 0.3038289248943329, 0.8944144248962402, 0.999427855014801]
GRDLEKD: [0.8722507357597351, 0.9555537700653076, 5.667334934678081e-10, 0.6427856087684631, 0.7097809314727783]
GROAYDD: [0.9681124091148376, 0.9805676341056824, 0.3362783193588257, 4.991886089555919e-05, 0.9445173144340515]
ORDAYDD: [0.8469254970550537, 0.7821051478385925, 0.9483891129493713, 1.2275996219557328e-08, 0.7186181545257568]
GRDOYDS: [0.9441667199134827, 0.9817619323730469, 0.6909809112548828, 0.00015289992734324187, 0.9365398287773132]
GYDDYDD: [0.0010547739220783114, 0.5946509838104248, 0.5893431901931763, 0.9960604310035706, 0.9683021903038025]
FRDLGDD: [0.8520181775093079, 0.9209635853767395, 0.907606840133667, 0.833948016166687, 1.8487659181332106e-09]
GRWEYDD: [0.984398365020752, 0.9966302514076233, 0.24247093498706818, 0.13894931972026825, 0.8203853964805603]
GRIWYDD: [0.9908181428909302, 0.5520321726799011, 0.6680135130882263, 0.0825098529458046, 0.7235403656959534]
